9558 8010 0111 9517 222  
6；

382,
217
136,

378
215
139

380
205
159

[6.3]
386
206
163


373
190
185


381
198
190

385
203
193

6.22
382
200
197

350
170
260


276
170
385


260
130
431

ext add: 541->401 、 +225
260
130
656

6.30am-----------------------------------
招行(共410)
261
130
685

After----------------------------------------
招行(共301)  邵工行暂时(120)
374
130
556


-------------------------------------------
           邵正林工行(暂时031)
546
042
561


--------------------------------------------
730
003
457


--------------------------------------------
700
400